0	0	0	0
0.015625	0.0986339	0.015625	0.0980171
0.03125	0.1963	0.03125	0.19509
0.046875	0.292041	0.046875	0.290285
0.0625	0.38492	0.0625	0.382683
0.078125	0.474027	0.078125	0.471397
0.09375	0.558493	0.09375	0.55557
0.109375	0.637496	0.109375	0.634393
0.125	0.710269	0.125	0.707107
0.140625	0.776111	0.140625	0.77301
0.15625	0.834389	0.15625	0.83147
0.171875	0.884547	0.171875	0.881921
0.1875	0.926111	0.1875	0.92388
0.203125	0.958692	0.203125	0.95694
0.21875	0.98199	0.21875	0.980785
0.234375	0.995798	0.234375	0.995185
0.25	1	0.25	1
0.265625	0.994573	0.265625	0.995185
0.28125	0.979586	0.28125	0.980785
0.296875	0.955201	0.296875	0.95694
0.3125	0.921668	0.3125	0.92388
0.328125	0.879323	0.328125	0.881921
0.34375	0.828584	0.34375	0.83147
0.359375	0.769949	0.359375	0.77301
0.375	0.703986	0.375	0.707107
0.390625	0.631333	0.390625	0.634393
0.40625	0.552688	0.40625	0.55557
0.421875	0.468802	0.421875	0.471397
0.4375	0.380477	0.4375	0.382683
0.453125	0.288551	0.453125	0.290285
0.46875	0.193896	0.46875	0.19509
0.484375	0.0974081	0.484375	0.0980171
0.5	1.217e-16	0.5	1.22465e-16
0.515625	-0.0974081	0.515625	-0.0980171
0.53125	-0.193896	0.53125	-0.19509
0.546875	-0.288551	0.546875	-0.290285
0.5625	-0.380477	0.5625	-0.382683
0.578125	-0.468802	0.578125	-0.471397
0.59375	-0.552688	0.59375	-0.55557
0.609375	-0.631333	0.609375	-0.634393
0.625	-0.703986	0.625	-0.707107
0.640625	-0.769949	0.640625	-0.77301
0.65625	-0.828584	0.65625	-0.83147
0.671875	-0.879323	0.671875	-0.881921
0.6875	-0.921668	0.6875	-0.92388
0.703125	-0.955201	0.703125	-0.95694
0.71875	-0.979586	0.71875	-0.980785
0.734375	-0.994573	0.734375	-0.995185
0.75	-1	0.75	-1
0.765625	-0.995798	0.765625	-0.995185
0.78125	-0.98199	0.78125	-0.980785
0.796875	-0.958692	0.796875	-0.95694
0.8125	-0.926111	0.8125	-0.92388
0.828125	-0.884547	0.828125	-0.881921
0.84375	-0.834389	0.84375	-0.83147
0.859375	-0.776111	0.859375	-0.77301
0.875	-0.710269	0.875	-0.707107
0.890625	-0.637496	0.890625	-0.634393
0.90625	-0.558493	0.90625	-0.55557
0.921875	-0.474027	0.921875	-0.471397
0.9375	-0.38492	0.9375	-0.382683
0.953125	-0.292041	0.953125	-0.290285
0.96875	-0.1963	0.96875	-0.19509
0.984375	-0.0986339	0.984375	-0.0980171
