0	0	0	0
0.015625	0.0876182	0.0175853	0.0980171
0.03125	0.174634	0.0351518	0.19509
0.046875	0.260443	0.0526807	0.290285
0.0625	0.344443	0.0701537	0.382683
0.078125	0.42603	0.0875529	0.471397
0.09375	0.504597	0.104861	0.55557
0.109375	0.579539	0.122063	0.634393
0.125	0.650253	0.139142	0.707107
0.140625	0.716135	0.156085	0.77301
0.15625	0.776587	0.172879	0.83147
0.171875	0.831016	0.189513	0.881921
0.1875	0.87884	0.205978	0.92388
0.203125	0.91949	0.222264	0.95694
0.21875	0.952419	0.238366	0.980785
0.234375	0.977102	0.254279	0.995185
0.25	0.993054	0.27	1
0.265625	0.999832	0.285529	0.995185
0.28125	0.99705	0.300866	0.980785
0.296875	0.984393	0.316014	0.95694
0.3125	0.961631	0.330978	0.92388
0.328125	0.928637	0.345763	0.881921
0.34375	0.8854	0.360379	0.83147
0.359375	0.832049	0.374835	0.77301
0.375	0.768866	0.389142	0.707107
0.390625	0.696296	0.403313	0.634393
0.40625	0.614967	0.417361	0.55557
0.421875	0.525685	0.431303	0.471397
0.4375	0.429438	0.445154	0.382683
0.453125	0.327382	0.458931	0.290285
0.46875	0.220824	0.472652	0.19509
0.484375	0.111191	0.486335	0.0980171
0.5	1.39028e-16	0.5	1.22465e-16
0.515625	-0.111191	0.513665	-0.0980171
0.53125	-0.220824	0.527348	-0.19509
0.546875	-0.327382	0.541069	-0.290285
0.5625	-0.429438	0.554846	-0.382683
0.578125	-0.525685	0.568697	-0.471397
0.59375	-0.614967	0.582639	-0.55557
0.609375	-0.696296	0.596687	-0.634393
0.625	-0.768866	0.610858	-0.707107
0.640625	-0.832049	0.625165	-0.77301
0.65625	-0.8854	0.639621	-0.83147
0.671875	-0.928637	0.654237	-0.881921
0.6875	-0.961631	0.669022	-0.92388
0.703125	-0.984393	0.683986	-0.95694
0.71875	-0.99705	0.699134	-0.980785
0.734375	-0.999832	0.714471	-0.995185
0.75	-0.993054	0.73	-1
0.765625	-0.977102	0.745721	-0.995185
0.78125	-0.952419	0.761634	-0.980785
0.796875	-0.91949	0.777736	-0.95694
0.8125	-0.87884	0.794022	-0.92388
0.828125	-0.831016	0.810487	-0.881921
0.84375	-0.776587	0.827121	-0.83147
0.859375	-0.716135	0.843915	-0.77301
0.875	-0.650253	0.860858	-0.707107
0.890625	-0.579539	0.877937	-0.634393
0.90625	-0.504597	0.895139	-0.55557
0.921875	-0.42603	0.912447	-0.471397
0.9375	-0.344443	0.929846	-0.382683
0.953125	-0.260443	0.947319	-0.290285
0.96875	-0.174634	0.964848	-0.19509
0.984375	-0.0876182	0.982415	-0.0980171
