0	0	0	0
0.015625	0.0436365	0.0352284	0.0980171
0.03125	0.0872381	0.0702681	0.19509
0.046875	0.130767	0.104932	0.290285
0.0625	0.174184	0.139037	0.382683
0.078125	0.217446	0.172404	0.471397
0.09375	0.260514	0.204864	0.55557
0.109375	0.303347	0.236254	0.634393
0.125	0.345902	0.266421	0.707107
0.140625	0.388135	0.295227	0.77301
0.15625	0.429994	0.322544	0.83147
0.171875	0.471426	0.348259	0.881921
0.1875	0.51237	0.372276	0.92388
0.203125	0.552762	0.394513	0.95694
0.21875	0.592532	0.414907	0.980785
0.234375	0.631599	0.433412	0.995185
0.25	0.669873	0.45	1
0.265625	0.707253	0.464662	0.995185
0.28125	0.74362	0.477407	0.980785
0.296875	0.778838	0.488263	0.95694
0.3125	0.812746	0.497276	0.92388
0.328125	0.845151	0.504509	0.881921
0.34375	0.875832	0.510044	0.83147
0.359375	0.904467	0.513977	0.77301
0.375	0.930702	0.516421	0.707107
0.390625	0.95517	0.517504	0.634393
0.40625	0.967847	0.517364	0.55557
0.421875	1.02021	0.516154	0.471397
0.4375	0.894537	0.514037	0.382683
0.453125	1.32166	0.511182	0.290285
0.46875	0.445	0.507768	0.19509
0.484375	2.34109	0.503978	0.0980171
0.5	1.25388e-13	0.5	1.22465e-16
0.515625	-2.34109	0.496022	-0.0980171
0.53125	-0.445	0.492232	-0.19509
0.546875	-1.32166	0.488818	-0.290285
0.5625	-0.894537	0.485963	-0.382683
0.578125	-1.02021	0.483846	-0.471397
0.59375	-0.967847	0.482636	-0.55557
0.609375	-0.95517	0.482496	-0.634393
0.625	-0.930702	0.483579	-0.707107
0.640625	-0.904467	0.486023	-0.77301
0.65625	-0.875832	0.489956	-0.83147
0.671875	-0.845151	0.495491	-0.881921
0.6875	-0.812746	0.502724	-0.92388
0.703125	-0.778838	0.511737	-0.95694
0.71875	-0.74362	0.522593	-0.980785
0.734375	-0.707253	0.535338	-0.995185
0.75	-0.669873	0.55	-1
0.765625	-0.631599	0.566588	-0.995185
0.78125	-0.592532	0.585093	-0.980785
0.796875	-0.552762	0.605487	-0.95694
0.8125	-0.51237	0.627724	-0.92388
0.828125	-0.471426	0.651741	-0.881921
0.84375	-0.429994	0.677456	-0.83147
0.859375	-0.388135	0.704773	-0.77301
0.875	-0.345902	0.733579	-0.707107
0.890625	-0.303347	0.763746	-0.634393
0.90625	-0.260514	0.795136	-0.55557
0.921875	-0.217446	0.827596	-0.471397
0.9375	-0.174184	0.860963	-0.382683
0.953125	-0.130767	0.895068	-0.290285
0.96875	-0.0872381	0.929732	-0.19509
0.984375	-0.0436365	0.964772	-0.0980171
