0	0	0	0
0.015625	0.0788065	0.0195457	0.0980171
0.03125	0.157219	0.0390536	0.19509
0.046875	0.23484	0.0584864	0.290285
0.0625	0.31127	0.0778073	0.382683
0.078125	0.386097	0.0969809	0.471397
0.09375	0.458905	0.115973	0.55557
0.109375	0.529261	0.134751	0.634393
0.125	0.596721	0.153284	0.707107
0.140625	0.660822	0.171545	0.77301
0.15625	0.721082	0.189509	0.83147
0.171875	0.776997	0.207152	0.881921
0.1875	0.82804	0.224455	0.92388
0.203125	0.873656	0.241403	0.95694
0.21875	0.913264	0.257981	0.980785
0.234375	0.946252	0.274182	0.995185
0.25	0.971983	0.29	1
0.265625	0.989794	0.305432	0.995185
0.28125	0.999001	0.320481	0.980785
0.296875	0.998908	0.335153	0.95694
0.3125	0.988821	0.349455	0.92388
0.328125	0.968068	0.363402	0.881921
0.34375	0.936027	0.377009	0.83147
0.359375	0.892165	0.390295	0.77301
0.375	0.83609	0.403284	0.707107
0.390625	0.767611	0.416001	0.634393
0.40625	0.686817	0.428473	0.55557
0.421875	0.594152	0.440731	0.471397
0.4375	0.490486	0.452807	0.382683
0.453125	0.377173	0.464736	0.290285
0.46875	0.256061	0.476554	0.19509
0.484375	0.129453	0.488296	0.0980171
0.5	1.62081e-16	0.5	1.22465e-16
0.515625	-0.129453	0.511704	-0.0980171
0.53125	-0.256061	0.523446	-0.19509
0.546875	-0.377173	0.535264	-0.290285
0.5625	-0.490486	0.547193	-0.382683
0.578125	-0.594152	0.559269	-0.471397
0.59375	-0.686817	0.571527	-0.55557
0.609375	-0.767611	0.583999	-0.634393
0.625	-0.83609	0.596716	-0.707107
0.640625	-0.892165	0.609705	-0.77301
0.65625	-0.936027	0.622991	-0.83147
0.671875	-0.968068	0.636598	-0.881921
0.6875	-0.988821	0.650545	-0.92388
0.703125	-0.998908	0.664847	-0.95694
0.71875	-0.999001	0.679519	-0.980785
0.734375	-0.989794	0.694568	-0.995185
0.75	-0.971983	0.71	-1
0.765625	-0.946252	0.725818	-0.995185
0.78125	-0.913264	0.742019	-0.980785
0.796875	-0.873656	0.758597	-0.95694
0.8125	-0.82804	0.775545	-0.92388
0.828125	-0.776997	0.792848	-0.881921
0.84375	-0.721082	0.810491	-0.83147
0.859375	-0.660822	0.828455	-0.77301
0.875	-0.596721	0.846716	-0.707107
0.890625	-0.529261	0.865249	-0.634393
0.90625	-0.458905	0.884027	-0.55557
0.921875	-0.386097	0.903019	-0.471397
0.9375	-0.31127	0.922193	-0.382683
0.953125	-0.23484	0.941514	-0.290285
0.96875	-0.157219	0.960946	-0.19509
0.984375	-0.0788065	0.980454	-0.0980171
