0	0	0	0
0.015625	0.0716002	0.021506	0.0980171
0.03125	0.142932	0.0429554	0.19509
0.046875	0.213725	0.0642921	0.290285
0.0625	0.283704	0.085461	0.382683
0.078125	0.352584	0.106409	0.471397
0.09375	0.420073	0.127084	0.55557
0.109375	0.485864	0.147439	0.634393
0.125	0.549636	0.167426	0.707107
0.140625	0.611048	0.187006	0.77301
0.15625	0.669737	0.206138	0.83147
0.171875	0.725312	0.22479	0.881921
0.1875	0.777351	0.242933	0.92388
0.203125	0.825393	0.260541	0.95694
0.21875	0.868935	0.277597	0.980785
0.234375	0.907422	0.294086	0.995185
0.25	0.940243	0.31	1
0.265625	0.966718	0.325336	0.995185
0.28125	0.986093	0.340097	0.980785
0.296875	0.99753	0.354291	0.95694
0.3125	1.0001	0.367933	0.92388
0.328125	0.992767	0.38104	0.881921
0.34375	0.974412	0.393638	0.83147
0.359375	0.943821	0.405756	0.77301
0.375	0.899731	0.417426	0.707107
0.390625	0.840892	0.428689	0.634393
0.40625	0.766183	0.439584	0.55557
0.421875	0.674807	0.450159	0.471397
0.4375	0.566564	0.460461	0.382683
0.453125	0.442199	0.470542	0.290285
0.46875	0.303746	0.480455	0.19509
0.484375	0.154722	0.490256	0.0980171
0.5	1.94224e-16	0.5	1.22465e-16
0.515625	-0.154722	0.509744	-0.0980171
0.53125	-0.303746	0.519545	-0.19509
0.546875	-0.442199	0.529458	-0.290285
0.5625	-0.566564	0.539539	-0.382683
0.578125	-0.674807	0.549841	-0.471397
0.59375	-0.766183	0.560416	-0.55557
0.609375	-0.840892	0.571311	-0.634393
0.625	-0.899731	0.582574	-0.707107
0.640625	-0.943821	0.594244	-0.77301
0.65625	-0.974412	0.606362	-0.83147
0.671875	-0.992767	0.61896	-0.881921
0.6875	-1.0001	0.632067	-0.92388
0.703125	-0.99753	0.645709	-0.95694
0.71875	-0.986093	0.659903	-0.980785
0.734375	-0.966718	0.674664	-0.995185
0.75	-0.940243	0.69	-1
0.765625	-0.907422	0.705914	-0.995185
0.78125	-0.868935	0.722403	-0.980785
0.796875	-0.825393	0.739459	-0.95694
0.8125	-0.777351	0.757067	-0.92388
0.828125	-0.725312	0.77521	-0.881921
0.84375	-0.669737	0.793862	-0.83147
0.859375	-0.611048	0.812994	-0.77301
0.875	-0.549636	0.832574	-0.707107
0.890625	-0.485864	0.852561	-0.634393
0.90625	-0.420073	0.872916	-0.55557
0.921875	-0.352584	0.893591	-0.471397
0.9375	-0.283704	0.914539	-0.382683
0.953125	-0.213725	0.935708	-0.290285
0.96875	-0.142932	0.957045	-0.19509
0.984375	-0.0716002	0.978494	-0.0980171
