0	0	0	0
0.015625	0.0655987	0.0234664	0.0980171
0.03125	0.131009	0.0468572	0.19509
0.046875	0.19604	0.0700978	0.290285
0.0625	0.260496	0.0931147	0.382683
0.078125	0.324177	0.115837	0.471397
0.09375	0.386873	0.138196	0.55557
0.109375	0.448364	0.160126	0.634393
0.125	0.508418	0.181569	0.707107
0.140625	0.566786	0.202466	0.77301
0.15625	0.623201	0.222768	0.83147
0.171875	0.67737	0.242429	0.881921
0.1875	0.728974	0.26141	0.92388
0.203125	0.777657	0.27968	0.95694
0.21875	0.823022	0.297213	0.980785
0.234375	0.864623	0.31399	0.995185
0.25	0.901952	0.33	1
0.265625	0.934427	0.34524	0.995185
0.28125	0.96138	0.359713	0.980785
0.296875	0.982029	0.37343	0.95694
0.3125	0.995459	0.38641	0.92388
0.328125	1.00059	0.398679	0.881921
0.34375	0.996127	0.410268	0.83147
0.359375	0.980536	0.421216	0.77301
0.375	0.95197	0.431569	0.707107
0.390625	0.90823	0.441376	0.634393
0.40625	0.846747	0.450696	0.55557
0.421875	0.764644	0.459587	0.471397
0.4375	0.659027	0.468115	0.382683
0.453125	0.527719	0.476348	0.290285
0.46875	0.370654	0.484357	0.19509
0.484375	0.191742	0.492216	0.0980171
0.5	2.42038e-16	0.5	1.22465e-16
0.515625	-0.191742	0.507784	-0.0980171
0.53125	-0.370654	0.515643	-0.19509
0.546875	-0.527719	0.523652	-0.290285
0.5625	-0.659027	0.531885	-0.382683
0.578125	-0.764644	0.540413	-0.471397
0.59375	-0.846747	0.549304	-0.55557
0.609375	-0.90823	0.558624	-0.634393
0.625	-0.95197	0.568431	-0.707107
0.640625	-0.980536	0.578784	-0.77301
0.65625	-0.996127	0.589732	-0.83147
0.671875	-1.00059	0.601321	-0.881921
0.6875	-0.995459	0.61359	-0.92388
0.703125	-0.982029	0.62657	-0.95694
0.71875	-0.96138	0.640287	-0.980785
0.734375	-0.934427	0.65476	-0.995185
0.75	-0.901952	0.67	-1
0.765625	-0.864623	0.68601	-0.995185
0.78125	-0.823022	0.702787	-0.980785
0.796875	-0.777657	0.72032	-0.95694
0.8125	-0.728974	0.73859	-0.92388
0.828125	-0.67737	0.757571	-0.881921
0.84375	-0.623201	0.777232	-0.83147
0.859375	-0.566786	0.797534	-0.77301
0.875	-0.508418	0.818431	-0.707107
0.890625	-0.448364	0.839874	-0.634393
0.90625	-0.386873	0.861804	-0.55557
0.921875	-0.324177	0.884163	-0.471397
0.9375	-0.260496	0.906885	-0.382683
0.953125	-0.19604	0.929902	-0.290285
0.96875	-0.131009	0.953143	-0.19509
0.984375	-0.0655987	0.976534	-0.0980171
