0	0	0	0
0.015625	0.0605238	0.0254267	0.0980171
0.03125	0.120911	0.050759	0.19509
0.046875	0.181025	0.0759035	0.290285
0.0625	0.240722	0.100768	0.382683
0.078125	0.299857	0.125265	0.471397
0.09375	0.358277	0.149307	0.55557
0.109375	0.415821	0.172814	0.634393
0.125	0.472321	0.195711	0.707107
0.140625	0.527594	0.217926	0.77301
0.15625	0.581444	0.239397	0.83147
0.171875	0.633655	0.260067	0.881921
0.1875	0.683988	0.279888	0.92388
0.203125	0.732177	0.298819	0.95694
0.21875	0.777923	0.316829	0.980785
0.234375	0.820886	0.333893	0.995185
0.25	0.860674	0.35	1
0.265625	0.896833	0.365143	0.995185
0.28125	0.928831	0.379329	0.980785
0.296875	0.956035	0.392569	0.95694
0.3125	0.977683	0.404888	0.92388
0.328125	0.992846	0.416317	0.881921
0.34375	1.00037	0.426897	0.83147
0.359375	0.998807	0.436676	0.77301
0.375	0.986289	0.445711	0.707107
0.390625	0.960374	0.454064	0.634393
0.40625	0.917802	0.461807	0.55557
0.421875	0.854135	0.469015	0.471397
0.4375	0.763296	0.475768	0.382683
0.453125	0.637253	0.482153	0.290285
0.46875	0.467271	0.488259	0.19509
0.484375	0.250216	0.494177	0.0980171
0.5	3.20152e-16	0.5	1.22465e-16
0.515625	-0.250216	0.505823	-0.0980171
0.53125	-0.467271	0.511741	-0.19509
0.546875	-0.637253	0.517847	-0.290285
0.5625	-0.763296	0.524232	-0.382683
0.578125	-0.854135	0.530985	-0.471397
0.59375	-0.917802	0.538193	-0.55557
0.609375	-0.960374	0.545936	-0.634393
0.625	-0.986289	0.554289	-0.707107
0.640625	-0.998807	0.563324	-0.77301
0.65625	-1.00037	0.573103	-0.83147
0.671875	-0.992846	0.583683	-0.881921
0.6875	-0.977683	0.595112	-0.92388
0.703125	-0.956035	0.607431	-0.95694
0.71875	-0.928831	0.620671	-0.980785
0.734375	-0.896833	0.634857	-0.995185
0.75	-0.860674	0.65	-1
0.765625	-0.820886	0.666107	-0.995185
0.78125	-0.777923	0.683171	-0.980785
0.796875	-0.732177	0.701181	-0.95694
0.8125	-0.683988	0.720112	-0.92388
0.828125	-0.633655	0.739933	-0.881921
0.84375	-0.581444	0.760603	-0.83147
0.859375	-0.527594	0.782074	-0.77301
0.875	-0.472321	0.804289	-0.707107
0.890625	-0.415821	0.827186	-0.634393
0.90625	-0.358277	0.850693	-0.55557
0.921875	-0.299857	0.874735	-0.471397
0.9375	-0.240722	0.899232	-0.382683
0.953125	-0.181025	0.924097	-0.290285
0.96875	-0.120911	0.949241	-0.19509
0.984375	-0.0605238	0.974573	-0.0980171
