0	0	0	0
0.015625	0.0561767	0.0273871	0.0980171
0.03125	0.112253	0.0546608	0.19509
0.046875	0.168126	0.0817092	0.290285
0.0625	0.223691	0.108422	0.382683
0.078125	0.278838	0.134693	0.471397
0.09375	0.333454	0.160418	0.55557
0.109375	0.387421	0.185502	0.634393
0.125	0.440612	0.209853	0.707107
0.140625	0.492894	0.233386	0.77301
0.15625	0.544121	0.256026	0.83147
0.171875	0.594133	0.277706	0.881921
0.1875	0.642754	0.298366	0.92388
0.203125	0.689784	0.317958	0.95694
0.21875	0.735003	0.336444	0.980785
0.234375	0.778155	0.353797	0.995185
0.25	0.81895	0.37	1
0.265625	0.857047	0.385047	0.995185
0.28125	0.892047	0.398944	0.980785
0.296875	0.92347	0.411708	0.95694
0.3125	0.950738	0.423366	0.92388
0.328125	0.973134	0.433956	0.881921
0.34375	0.98976	0.443526	0.83147
0.359375	0.999463	0.452136	0.77301
0.375	1.00073	0.459853	0.707107
0.390625	0.99149	0.466752	0.634393
0.40625	0.968852	0.472918	0.55557
0.421875	0.928532	0.478443	0.471397
0.4375	0.863851	0.483422	0.382683
0.453125	0.763462	0.487959	0.290285
0.46875	0.605107	0.492161	0.19509
0.484375	0.351797	0.496137	0.0980171
0.5	4.67541e-16	0.5	1.22465e-16
0.515625	-0.351797	0.503863	-0.0980171
0.53125	-0.605107	0.507839	-0.19509
0.546875	-0.763462	0.512041	-0.290285
0.5625	-0.863851	0.516578	-0.382683
0.578125	-0.928532	0.521557	-0.471397
0.59375	-0.968852	0.527082	-0.55557
0.609375	-0.99149	0.533248	-0.634393
0.625	-1.00073	0.540147	-0.707107
0.640625	-0.999463	0.547864	-0.77301
0.65625	-0.98976	0.556474	-0.83147
0.671875	-0.973134	0.566044	-0.881921
0.6875	-0.950738	0.576634	-0.92388
0.703125	-0.92347	0.588292	-0.95694
0.71875	-0.892047	0.601056	-0.980785
0.734375	-0.857047	0.614953	-0.995185
0.75	-0.81895	0.63	-1
0.765625	-0.778155	0.646203	-0.995185
0.78125	-0.735003	0.663556	-0.980785
0.796875	-0.689784	0.682042	-0.95694
0.8125	-0.642754	0.701634	-0.92388
0.828125	-0.594133	0.722294	-0.881921
0.84375	-0.544121	0.743974	-0.83147
0.859375	-0.492894	0.766614	-0.77301
0.875	-0.440612	0.790147	-0.707107
0.890625	-0.387421	0.814498	-0.634393
0.90625	-0.333454	0.839582	-0.55557
0.921875	-0.278838	0.865307	-0.471397
0.9375	-0.223691	0.891578	-0.382683
0.953125	-0.168126	0.918291	-0.290285
0.96875	-0.112253	0.945339	-0.19509
0.984375	-0.0561767	0.972613	-0.0980171
