0	0	0	0
0.015625	0.0524117	0.0293474	0.0980171
0.03125	0.104748	0.0585626	0.19509
0.046875	0.156931	0.0875149	0.290285
0.0625	0.20888	0.116076	0.382683
0.078125	0.260513	0.144121	0.471397
0.09375	0.311743	0.17153	0.55557
0.109375	0.362481	0.19819	0.634393
0.125	0.412634	0.223995	0.707107
0.140625	0.462101	0.248846	0.77301
0.15625	0.510772	0.272656	0.83147
0.171875	0.558529	0.295344	0.881921
0.1875	0.605238	0.316843	0.92388
0.203125	0.650753	0.337097	0.95694
0.21875	0.694907	0.35606	0.980785
0.234375	0.737514	0.373701	0.995185
0.25	0.778358	0.39	1
0.265625	0.817188	0.404951	0.995185
0.28125	0.85371	0.41856	0.980785
0.296875	0.887574	0.430847	0.95694
0.3125	0.918355	0.441843	0.92388
0.328125	0.945533	0.451594	0.881921
0.34375	0.968452	0.460156	0.83147
0.359375	0.986276	0.467596	0.77301
0.375	0.997903	0.473995	0.707107
0.390625	1.00183	0.47944	0.634393
0.40625	0.99595	0.48403	0.55557
0.421875	0.977134	0.487871	0.471397
0.4375	0.940229	0.491076	0.382683
0.453125	0.876429	0.493765	0.290285
0.46875	0.774038	0.496063	0.19509
0.484375	0.546726	0.498097	0.0980171
0.5	8.18912e-16	0.5	1.22465e-16
0.515625	-0.546726	0.501903	-0.0980171
0.53125	-0.774038	0.503937	-0.19509
0.546875	-0.876429	0.506235	-0.290285
0.5625	-0.940229	0.508924	-0.382683
0.578125	-0.977134	0.512129	-0.471397
0.59375	-0.99595	0.51597	-0.55557
0.609375	-1.00183	0.52056	-0.634393
0.625	-0.997903	0.526005	-0.707107
0.640625	-0.986276	0.532404	-0.77301
0.65625	-0.968452	0.539844	-0.83147
0.671875	-0.945533	0.548406	-0.881921
0.6875	-0.918355	0.558157	-0.92388
0.703125	-0.887574	0.569153	-0.95694
0.71875	-0.85371	0.58144	-0.980785
0.734375	-0.817188	0.595049	-0.995185
0.75	-0.778358	0.61	-1
0.765625	-0.737514	0.626299	-0.995185
0.78125	-0.694907	0.64394	-0.980785
0.796875	-0.650753	0.662903	-0.95694
0.8125	-0.605238	0.683157	-0.92388
0.828125	-0.558529	0.704656	-0.881921
0.84375	-0.510772	0.727344	-0.83147
0.859375	-0.462101	0.751154	-0.77301
0.875	-0.412634	0.776005	-0.707107
0.890625	-0.362481	0.80181	-0.634393
0.90625	-0.311743	0.82847	-0.55557
0.921875	-0.260513	0.855879	-0.471397
0.9375	-0.20888	0.883924	-0.382683
0.953125	-0.156931	0.912485	-0.290285
0.96875	-0.104748	0.941437	-0.19509
0.984375	-0.0524117	0.970653	-0.0980171
