0	0	0	0
0.015625	0.0491193	0.0313077	0.0980171
0.03125	0.0981808	0.0624645	0.19509
0.046875	0.147125	0.0933205	0.290285
0.0625	0.195888	0.123729	0.382683
0.078125	0.244407	0.153548	0.471397
0.09375	0.292616	0.182641	0.55557
0.109375	0.340445	0.210878	0.634393
0.125	0.387824	0.238137	0.707107
0.140625	0.434678	0.264307	0.77301
0.15625	0.480922	0.289285	0.83147
0.171875	0.526467	0.312982	0.881921
0.1875	0.571211	0.335321	0.92388
0.203125	0.615045	0.356235	0.95694
0.21875	0.657844	0.375676	0.980785
0.234375	0.69947	0.393605	0.995185
0.25	0.739762	0.41	1
0.265625	0.778536	0.424855	0.995185
0.28125	0.815578	0.438176	0.980785
0.296875	0.850632	0.449985	0.95694
0.3125	0.883393	0.460321	0.92388
0.328125	0.913488	0.469232	0.881921
0.34375	0.940453	0.476785	0.83147
0.359375	0.963704	0.483057	0.77301
0.375	0.982475	0.488137	0.707107
0.390625	0.995753	0.492128	0.634393
0.40625	1.00214	0.495141	0.55557
0.421875	0.999258	0.497298	0.471397
0.4375	0.986018	0.498729	0.382683
0.453125	0.95048	0.499571	0.290285
0.46875	0.877785	0.499964	0.19509
0.484375	0.935142	0.500058	0.0980171
0.5	2.05488e-15	0.5	1.22465e-16
0.515625	-0.935142	0.499942	-0.0980171
0.53125	-0.877785	0.500036	-0.19509
0.546875	-0.95048	0.500429	-0.290285
0.5625	-0.986018	0.501271	-0.382683
0.578125	-0.999258	0.502702	-0.471397
0.59375	-1.00214	0.504859	-0.55557
0.609375	-0.995753	0.507872	-0.634393
0.625	-0.982475	0.511863	-0.707107
0.640625	-0.963704	0.516943	-0.77301
0.65625	-0.940453	0.523215	-0.83147
0.671875	-0.913488	0.530768	-0.881921
0.6875	-0.883393	0.539679	-0.92388
0.703125	-0.850632	0.550015	-0.95694
0.71875	-0.815578	0.561824	-0.980785
0.734375	-0.778536	0.575145	-0.995185
0.75	-0.739762	0.59	-1
0.765625	-0.69947	0.606395	-0.995185
0.78125	-0.657844	0.624324	-0.980785
0.796875	-0.615045	0.643765	-0.95694
0.8125	-0.571211	0.664679	-0.92388
0.828125	-0.526467	0.687018	-0.881921
0.84375	-0.480922	0.710715	-0.83147
0.859375	-0.434678	0.735693	-0.77301
0.875	-0.387824	0.761863	-0.707107
0.890625	-0.340445	0.789122	-0.634393
0.90625	-0.292616	0.817359	-0.55557
0.921875	-0.244407	0.846452	-0.471397
0.9375	-0.195888	0.876271	-0.382683
0.953125	-0.147125	0.906679	-0.290285
0.96875	-0.0981808	0.937536	-0.19509
0.984375	-0.0491193	0.968692	-0.0980171
