0	0	0	0
0.015625	0.0462159	0.0332681	0.0980171
0.03125	0.0923871	0.0663663	0.19509
0.046875	0.138467	0.0991262	0.290285
0.0625	0.184405	0.131383	0.382683
0.078125	0.23015	0.162976	0.471397
0.09375	0.275652	0.193753	0.55557
0.109375	0.320857	0.223566	0.634393
0.125	0.365711	0.252279	0.707107
0.140625	0.410156	0.279767	0.77301
0.15625	0.454128	0.305915	0.83147
0.171875	0.497556	0.330621	0.881921
0.1875	0.540364	0.353798	0.92388
0.203125	0.582467	0.375374	0.95694
0.21875	0.623774	0.395291	0.980785
0.234375	0.664178	0.413508	0.995185
0.25	0.703561	0.43	1
0.265625	0.741786	0.444758	0.995185
0.28125	0.778695	0.457791	0.980785
0.296875	0.814103	0.469124	0.95694
0.3125	0.847788	0.478798	0.92388
0.328125	0.879484	0.486871	0.881921
0.34375	0.908865	0.493415	0.83147
0.359375	0.935522	0.498517	0.77301
0.375	0.958962	0.502279	0.707107
0.390625	0.978345	0.504816	0.634393
0.40625	0.993293	0.506253	0.55557
0.421875	1.00239	0.506726	0.471397
0.4375	0.991583	0.506383	0.382683
0.453125	1.05182	0.505376	0.290285
0.46875	0.746851	0.503866	0.19509
0.484375	1.59632	0.502018	0.0980171
0.5	1.00796e-14	0.5	1.22465e-16
0.515625	-1.59632	0.497982	-0.0980171
0.53125	-0.746851	0.496134	-0.19509
0.546875	-1.05182	0.494624	-0.290285
0.5625	-0.991583	0.493617	-0.382683
0.578125	-1.00239	0.493274	-0.471397
0.59375	-0.993293	0.493747	-0.55557
0.609375	-0.978345	0.495184	-0.634393
0.625	-0.958962	0.497721	-0.707107
0.640625	-0.935522	0.501483	-0.77301
0.65625	-0.908865	0.506585	-0.83147
0.671875	-0.879484	0.513129	-0.881921
0.6875	-0.847788	0.521202	-0.92388
0.703125	-0.814103	0.530876	-0.95694
0.71875	-0.778695	0.542209	-0.980785
0.734375	-0.741786	0.555242	-0.995185
0.75	-0.703561	0.57	-1
0.765625	-0.664178	0.586492	-0.995185
0.78125	-0.623774	0.604709	-0.980785
0.796875	-0.582467	0.624626	-0.95694
0.8125	-0.540364	0.646202	-0.92388
0.828125	-0.497556	0.669379	-0.881921
0.84375	-0.454128	0.694085	-0.83147
0.859375	-0.410156	0.720233	-0.77301
0.875	-0.365711	0.747721	-0.707107
0.890625	-0.320857	0.776434	-0.634393
0.90625	-0.275652	0.806247	-0.55557
0.921875	-0.23015	0.837024	-0.471397
0.9375	-0.184405	0.868617	-0.382683
0.953125	-0.138467	0.900874	-0.290285
0.96875	-0.0923871	0.933634	-0.19509
0.984375	-0.0462159	0.966732	-0.0980171
